# dimensions of scene, in number of cells
DIMENSIONS 16 16
# height of walls
HEIGHT 10
# cell size
CELL 10

# textures.  the last one is always the texture of the floor
TEXTURES 9  # number of textures
1 wall1.tif
2 wall2.tif
3 wall3.tif
4 wall4.tif
5 wall5.tif
6 wall6.tif
7 wall7.tif
8 monaLisa.tif
9 floor.tif

FLOORPLAN
# floor plan, indicating which walls have
# which textures
# +___+___+___+___+___+___+___+___+___+___+___+___+___+___+___+___
    1   2   1   2   1   2   1   2   1   2   1   2   1   2   1   0 # +
  1   0   0   0   0   0   0   0   0   0   0   0   0   0   0   5   # |
    0   1   1   1   1   1   1   1   1   0   1   1   1   1   1   0 # +
  7   1   0   0   0   0   0   0   0   1   1   0   0   0   0   6   # |
    0   0   0   1   0   1   0   1   0   0   1   1   0   1   0   0 # +
  1   1   1   1   1   1   1   1   1   1   0   0   0   1   0   5   # |
    0   0   1   0   1   0   1   0   1   1   1   1   0   0   1   0 # +
  7   1   0   0   0   0   0   0   0   0   0   0   1   1   0   6   # |
    0   1   2   1   2   1   2   1   2   1   0   0   0   1   0   0 # +
  1   0   0   0   0   0   0   0   0   0   0   1   1   1   0   5   # |
    1   1   2   1   2   1   0   1   2   1   0   0   0   1   1   0 # +
  7   0   0   0   0   0   1   1   0   0   1   1   1   0   0   6   # |
    0   1   1   1   1   0   1   0   1   0   0   0   1   1   0   0 # +
  1   1   0   0   0   1   1   0   0   1   0   1   0   0   1   5   # |
    0   0   0   0   0   0   0   0   0   1   1   1   1   1   0   0 # +
  7   1   0   0   0   1   0   0   0   0   0   1   0   0   1   6   # |
    0   0   0   0   0   0   0   0   0   1   0   0   1   1   0   0 # +
  1   0   0   0   0   1   1   0   0   1   1   1   0   0   1   5   # |
    1   1   1   0   1   0   1   0   1   0   0   1   1   0   0   0 # +
  7   0   0   0   1   0   0   0   0   0   1   0   0   0   1   6   # |
    0   0   0   0   0   1   1   8   1   1   1   1   1   1   0   0 # +
  1   0   0   0   1   1   0   0   0   0   0   0   0   0   1   5   # |
    1   1   0   1   0   0   0   0   0   1   1   1   1   0   0   0 # +
  7   0   0   0   1   1   1   4   4   1   0   1   0   1   1   6   # |
    0   0   0   0   0   0   0   0   0   0   0   0   0   0   0   0 # +
  1   0   1   0   1   1   1   4   4   1   0   1   1   1   1   5   # |
    1   3   0   3   0   0   0   0   0   1   0   0   0   0   0   0 # +
  7   0   0   0   0   1   1   4   4   0   1   1   1   1   1   6   # |
    1   3   1   3   1   0   0   0   0   0   0   0   0   1   0   0 # +
  1   0   0   0   0   0   0   4   4   0   0   0   1   0   0   5   # |
    1   1   1   1   1   1   1   0   1   1   1   1   1   1   1   0 # +
  0   0   0   0   0   0   0   0   0   0   0   0   0   0   0   0   # |

# end of the file
  
  
  
  
  
  
  
  
  
  
  
  
  